,Sex,Age,Average split
0,F,18,424.1111111111111
1,M,18,970.6
2,F,19,711.0384615384615
3,M,19,1186.0
4,F,20,713.3076923076923
5,M,20,393.5952380952381
6,F,21,704.9690721649484
7,M,21,747.6951219512196
8,F,22,694.1490683229814
9,M,22,626.6185567010309
10,F,23,642.8040201005025
11,M,23,435.8785046728972
12,F,24,612.7242647058823
13,M,24,556.6413793103449
14,F,25,541.3862275449102
15,M,25,502.9623655913978
16,F,26,633.4714714714714
17,M,26,630.8855932203389
18,F,27,529.5205479452055
19,M,27,557.7679324894515
20,F,28,547.078947368421
21,M,28,535.068
22,F,29,577.375
23,M,29,541.4372881355932
24,F,30,580.2781065088758
25,M,30,495.87007874015745
26,F,31,553.8684210526316
27,M,31,547.5656565656566
28,F,32,554.9597315436241
29,M,32,526.1909722222222
30,F,33,612.2252252252252
31,M,33,507.1141975308642
32,F,34,583.7307692307693
33,M,34,545.2781456953643
34,F,35,582.1767810026386
35,M,35,552.1818181818181
36,F,36,564.4545454545455
37,M,36,574.4112426035502
38,F,37,538.0869565217391
39,M,37,469.23646723646726
40,F,38,567.9770114942529
41,M,38,522.224376731302
42,F,39,578.8865671641792
43,M,39,572.9462025316456
44,F,40,524.0423162583519
45,M,40,531.4586129753915
46,F,41,535.8465116279069
47,M,41,522.4987468671679
48,F,42,559.590206185567
49,M,42,541.3364485981308
50,F,43,563.9239130434783
51,M,43,630.8514412416852
52,F,44,570.0495356037152
53,M,44,566.9478021978022
54,F,45,552.0867579908676
55,M,45,614.3515358361775
56,F,46,583.9929577464789
57,M,46,578.4515050167224
58,F,47,578.6967930029155
59,M,47,616.7570281124498
60,F,48,642.25
61,M,48,638.7541766109786
62,F,49,594.8150684931506
63,M,49,602.2659279778393
64,F,50,660.1740412979351
65,M,50,658.0825147347741
66,F,51,655.0439560439561
67,M,51,598.5730088495575
68,F,52,718.0983606557377
69,M,52,590.8653366583541
70,F,53,709.0710659898477
71,M,53,643.9275766016713
72,F,54,794.4657534246576
73,M,54,633.0511182108626
74,F,55,696.0443037974684
75,M,55,755.8103044496487
76,F,56,833.0
77,M,56,722.3830409356725
78,F,57,831.0970149253732
79,M,57,697.8993288590603
80,F,58,800.1386138613861
81,M,58,832.5833333333334
82,F,59,750.25
83,M,59,764.3908045977012
84,F,60,952.6969696969697
85,M,60,842.624183006536
86,F,61,785.984375
87,M,61,743.5751295336787
88,F,62,828.8888888888889
89,M,62,908.0532544378698
90,F,63,881.6190476190476
91,M,63,861.7862595419847
92,F,64,962.9285714285714
93,M,64,873.1704545454545
94,F,65,810.8709677419355
95,M,65,974.7669172932331
96,F,66,1174.9310344827586
97,M,66,998.2178217821782
98,F,67,1012.625
99,M,67,1065.9012345679012
100,F,68,829.7777777777778
101,M,68,952.78
102,F,69,1766.6
103,M,69,1166.9666666666667
104,F,70,825.4444444444445
105,M,70,1054.4318181818182
106,F,71,1097.6666666666667
107,M,71,1241.2727272727273
108,F,72,1018.0
109,M,72,1457.1666666666667
110,F,73,654.3333333333334
111,M,73,1578.076923076923
112,F,74,578.0
113,M,74,796.0833333333334
114,F,75,1054.0
115,M,75,1099.8
116,F,76,2000.0
117,M,76,1464.0833333333333
118,F,77,
119,M,77,718.25
120,F,78,
121,M,78,1571.3333333333333
122,F,79,
123,M,79,1867.0
124,F,80,
125,M,80,1690.2
126,F,81,
127,M,81,767.0
128,F,82,1336.0
129,M,82,1243.0
