,Age,Average Time
0,18,14149.105263157895
1,19,13489.288461538461
2,20,13608.053191489362
3,21,13878.061452513966
4,22,13816.67441860465
5,23,13140.93137254902
6,24,13252.513189448442
7,25,13054.25
8,26,13229.706502636203
9,27,12989.767441860466
10,28,12950.503378378378
11,29,13094.198748043818
12,30,13158.714527027027
13,31,12986.464226289518
14,32,12996.189419795222
15,33,13070.55707762557
16,34,12978.848639455782
17,35,12930.764150943396
18,36,13137.980636237897
19,37,13013.078167115904
20,38,13088.500705218617
21,39,13163.83717357911
22,40,13240.635044642857
23,41,13265.875753920385
24,42,13255.4375
25,43,13369.948717948719
26,44,13566.813682678312
27,45,13447.78125
28,46,13419.0888671875
29,47,13536.378121284186
30,48,13682.807113543091
31,49,13734.658499234303
32,50,13831.819575471698
33,51,13708.659310344827
34,52,13829.127131782945
35,53,13909.857913669064
36,54,14057.583877995643
37,55,14064.20170940171
38,56,14173.11316872428
39,57,14381.497685185184
40,58,14598.932551319647
41,59,14607.132478632479
42,60,15012.44938271605
43,61,14788.657587548638
44,62,15289.546341463414
45,63,15138.543352601157
46,64,15348.008620689656
47,65,15771.371951219513
48,66,16003.284615384615
49,67,16225.731958762886
50,68,15757.915254237289
51,69,16777.542857142857
52,70,16473.54716981132
53,71,16985.02564102564
54,72,17121.842105263157
55,73,17183.0
56,74,15833.153846153846
57,75,17045.636363636364
58,76,17573.923076923078
59,77,17912.0
60,78,16645.333333333332
61,79,18417.0
62,80,19429.0
63,81,17629.0
64,82,19357.25
