,year,avg_time,fastest,median_time,slowest,PRECIP_mm,SUNSHINE_hrs,CLOUD_hrs,ATMOS_PRESS_mbar,AVG_TEMP_C,MAX_TEMP_C,MIN_TEMP_C
3,0.0,2003.4192537078834,2607.0,1922.5,-2688.0,14.799999999999999,-2.599999999999996,0.10000000000000053,6.600000000000023,8.799999999999999,10.000000000000004,12.900000000000002
4,0.0,233.74383699634564,-335.0,-329.5,5917.0,-26.999999999999996,23.9,-11.100000000000001,-18.90000000000009,6.200000000000003,10.899999999999999,-0.40000000000000124
5,0.0,-1197.956523794066,-986.0,-925.0,-3631.0,25.199999999999996,-12.899999999999999,4.7,46.10000000000002,-8.9,-8.8,-10.399999999999999
6,0.0,1207.6438858339898,-38.0,1226.5,9647.0,-5.799999999999999,1.9999999999999991,4.7,-50.799999999999955,8.499999999999998,2.900000000000002,17.0
7,0.0,-2012.3494122559314,654.0,-2026.0,-18306.0,-1.7,-13.2,5.199999999999999,4.7999999999999545,0.9000000000000004,0.09999999999999787,-0.5999999999999996
8,0.0,1289.9145006375238,-545.0,1392.0,-1142.0,0.4,24.2,-20.799999999999997,34.80000000000007,-10.299999999999999,-1.8000000000000007,-20.6
9,0.0,-1260.1788160273009,440.0,-1490.5,20788.0,-1.7999999999999998,-19.799999999999997,20.5,-5.400000000000091,-2.5000000000000036,-8.899999999999995,12.800000000000002
10,0.0,1242.1079930652886,-139.0,1353.0,-10104.0,5.8999999999999995,-2.600000000000003,-3.8999999999999995,-48.59999999999991,15.500000000000005,9.499999999999993,1.7999999999999972
11,0.0,150.87651261439714,-745.0,231.0,8089.0,-12.399999999999999,27.700000000000003,-11.0,66.59999999999991,-11.500000000000002,3.800000000000006,-3.599999999999998
12,0.0,-276.4944007214126,1657.0,-251.5,-26201.0,11.7,-29.1,9.6,-42.899999999999864,6.799999999999997,-1.6000000000000032,6.199999999999999
13,0.0,-227.44449362743944,-1415.0,-423.5,27521.0,-3.9,16.4,-6.3,-1.2000000000001592,-5.299999999999997,-7.700000000000001,-10.1
14,0.0,-83.97403915588802,420.0,142.5,-9318.0,4.2,-18.9,14.0,-4.5,6.9,7.800000000000004,11.099999999999998
15,0.0,428.6812137590987,-60.0,180.0,-3180.0,-12.5,25.0,-17.3,59.500000000000114,-9.500000000000002,-3.600000000000003,-8.7
16,0.0,-274.8478612602212,0.0,180.0,-1380.0,12.8,-15.200000000000001,10.2,-77.0,10.0,5.1,10.7
17,0.0,217.80425747785375,300.0,-660.0,13800.0,-5.400000000000001,6.0,-4.499999999999999,42.19999999999993,-9.699999999999998,-8.299999999999999,-16.499999999999996
18,0.0,-82.55034510659243,-473.0,987.0,-6656.0,1.4,5.999999999999998,-5.4,13.300000000000068,4.799999999999997,8.8,10.099999999999998
19,0.0,-927.7961493118819,516.0,-1749.0,-10506.0,-0.5,-27.299999999999997,21.0,-48.600000000000136,-1.299999999999999,-16.1,4.300000000000002
20,0.0,1455.6996324406264,-599.0,1851.0,2169.0,0.0,29.499999999999996,-24.0,47.500000000000114,3.9000000000000004,21.0,-8.8
21,0.0,-846.2625931927996,373.0,-899.0,7291.0,0.0,-6.3999999999999995,13.4,-34.39999999999998,-3.8000000000000007,-11.6,3.5000000000000027
22,0.0,-307.62149980477625,165.0,-298.0,9268.0,7.0,-17.2,-0.5000000000000009,21.699999999999932,-2.200000000000001,-4.800000000000001,-4.900000000000001
23,0.0,1471.0991155949432,-449.0,1375.0,-19515.0,-21.0,31.700000000000003,-13.2,-12.0,4.0000000000000036,17.300000000000004,7.099999999999999
24,0.0,-1004.9035598363498,225.0,-994.0,15087.0,21.0,-31.700000000000003,17.3,20.700000000000045,4.599999999999998,-14.700000000000001,5.500000000000003
25,0.0,-515.0398338882551,137.0,-357.0,-26394.0,-5.8,4.5,-1.7000000000000002,-62.19999999999993,-8.000000000000002,0.4999999999999982,-10.900000000000002
26,0.0,1309.8635638512642,-116.0,1119.0,34797.0,-3.5999999999999996,24.0,-10.6,91.0999999999998,2.900000000000004,10.700000000000003,2.1000000000000014
27,0.0,-1833.8915672367275,-12.0,-1762.0,-20921.0,8.1,-27.0,6.5,-69.99999999999989,-5.900000000000004,-17.400000000000002,-4.299999999999999
28,0.0,1508.2670676027155,-192.0,1552.0,10378.0,-14.7,17.1,-2.6000000000000005,47.200000000000045,8.700000000000003,17.4,7.999999999999998
29,0.0,-173.69123715543356,193.0,-261.0,-5193.0,23.3,1.7000000000000002,-1.3999999999999995,-52.000000000000114,-3.0000000000000018,-5.899999999999995,-7.1
30,0.0,-653.8808649511575,213.0,-612.0,-443.0,-33.3,-21.6,8.0,46.90000000000009,-0.9999999999999982,-8.500000000000004,14.4
31,0.0,979.9058062295517,-273.0,1133.0,1080.0,27.6,31.0,-11.9,-22.09999999999991,6.999999999999998,21.8,-13.6
32,0.0,-708.218040199481,-110.0,-945.0,1630.0,-8.000000000000002,-26.1,9.3,4.099999999999795,-7.600000000000001,-19.599999999999998,4.799999999999999
33,0.0,-748.1778814984755,177.0,-782.0,-6973.0,-0.6,-1.9000000000000021,6.200000000000001,9.700000000000045,-8.499999999999995,-10.900000000000006,-4.499999999999998
34,0.0,1437.0016880211697,48.0,1685.0,8521.0,0.0,31.5,-20.5,-15.499999999999886,14.399999999999997,29.500000000000004,-1.3000000000000007
35,0.0,-215.55001443722176,93.0,-225.0,-2212.0,0.0,-29.799999999999997,14.899999999999999,0.599999999999909,2.299999999999999,-7.899999999999999,13.7
36,0.0,-1116.849885427042,-345.0,-1468.0,-3408.0,29.8,-1.7000000000000028,5.600000000000001,-3.2000000000000455,-17.6,-27.2,-11.600000000000001
37,0.0,1446.4007754716931,159.0,1809.0,3053.0,-89.4,33.400000000000006,-23.0,36.600000000000136,19.700000000000003,46.5,-0.9999999999999964
38,0.0,-1132.070601632293,157.0,-1305.0,1515.0,89.4,-35.900000000000006,22.0,-41.59000000000003,-15.1,-41.2,3.9999999999999982
39,0.0,593.6411789141494,-216.0,675.0,-7205.0,-29.8,17.9,-8.8,10.969999999999914,7.699999999999999,20.4,1.0
40,0.0,86.82272978805122,115.0,49.0,7925.0,0.0,-6.919999999999998,4.300000000000001,12.420000000000073,3.8999999999999986,3.3000000000000043,-0.20000000000000107
41,0.0,-412.08896134971656,63.0,-390.0,-3373.0,0.0,2.789999999999999,-8.9,-12.080000000000041,-11.799999999999997,-17.700000000000003,-1.8999999999999977
42,0.0,555.6040463112186,-209.0,564.0,6032.0,0.0,2.2799999999999994,11.7,-11.879999999999995,13.399999999999999,20.700000000000003,3.5999999999999988
43,0.0,-715.1246941392219,206.0,-749.0,-10968.0,0.3,-12.78,-7.799999999999999,24.190000000000055,-11.700000000000001,-23.100000000000005,-2.1000000000000005
44,0.0,774.5545376947193,-228.0,734.0,924.0,-0.8999999999999999,25.61,-2.1000000000000014,-9.019999999999982,5.700000000000003,25.300000000000004,-8.2
45,0.0,-1809.1014047131139,257.0,-1753.5,7569.0,8.9,-28.48,6.900000000000001,-22.300000000000182,-2.600000000000003,-24.6,12.8
